shape_id,shape_pt_lat,shape_pt_lon,shape_pt_sequence,shape_dist_traveled
blue_0,33.706009,73.051881,1,0
blue_0,33.707185,73.054165,2,0.248
blue_0,33.707004,73.054423,3,0.28
blue_0,33.707003,73.054418,4,0.28
blue_0,33.704624,73.056143,5,0.589
blue_0,33.701482,73.058473,6,1
blue_0,33.701284,73.058738,7,1.033
blue_0,33.701149,73.059086,8,1.068
blue_0,33.700877,73.059134,9,1.099
blue_0,33.700664,73.059162,10,1.122
blue_0,33.698709,73.060661,11,1.38
blue_0,33.696934,73.062064,12,1.617
blue_0,33.696344,73.06236,13,1.688
blue_0,33.696131,73.062456,14,1.713
blue_0,33.694137,73.061933,15,1.94
blue_0,33.693357,73.061603,16,2.032
blue_0,33.692932,73.061365,17,2.084
blue_0,33.692496,73.060877,18,2.15
blue_0,33.692195,73.060357,19,2.209
blue_0,33.691987,73.060444,20,2.233
blue_0,33.691782,73.060722,21,2.268
blue_0,33.691719,73.061058,22,2.3
blue_0,33.694572,73.066335,23,2.882
blue_0,33.695094,73.066671,24,2.948
blue_0,33.695495,73.066649,25,2.992
blue_0,33.695807,73.066452,26,3.031
blue_0,33.69609,73.065865,27,3.094
blue_0,33.695999,73.065339,28,3.144
blue_0,33.695678,73.064801,29,3.205
blue_0,33.695003,73.064636,30,3.282
blue_0,33.694402,73.064935,31,3.354
blue_0,33.649495,73.098582,32,9.239
blue_0,33.598445,73.136756,33,15.926
blue_0,33.597968,73.137274,34,15.997
blue_0,33.597942,73.13788,35,16.053
blue_0,33.598203,73.138473,36,16.116
blue_0,33.598458,73.138598,37,16.146
blue_0,33.598506,73.13845,38,16.161
blue_0,33.598505,73.138319,39,16.173
blue_0,33.598357,73.137992,40,16.207
blue_1,33.598575,73.137993,1,0
blue_1,33.598579,73.138472,2,0.044
blue_1,33.598576,73.138667,3,0.062
blue_1,33.598167,73.138995,4,0.117
blue_1,33.597229,73.139693,5,0.24
blue_1,33.596706,73.139834,6,0.299
blue_1,33.596076,73.140297,7,0.382
blue_1,33.595911,73.14025,8,0.4
blue_1,33.595689,73.139673,9,0.459
blue_1,33.595008,73.138123,10,0.622
blue_1,33.59474,73.137982,11,0.654
blue_1,33.594722,73.137973,12,0.656
blue_1,33.594338,73.13808,13,0.7
blue_1,33.594133,73.138438,14,0.74
blue_1,33.594149,73.138717,15,0.766
blue_1,33.594263,73.138975,16,0.793
blue_1,33.594461,73.139134,17,0.82
blue_1,33.594751,73.139134,18,0.852
blue_1,33.596294,73.138001,19,1.053
blue_1,33.694621,73.064366,20,13.937
blue_1,33.697167,73.062487,21,14.27
blue_1,33.707455,73.054675,22,15.623
blue_1,33.707549,73.054449,23,15.646
blue_1,33.707413,73.054258,24,15.669
blue_1,33.707206,73.054278,25,15.692
blue_1,33.707096,73.054345,26,15.706
blue_1,33.706504,73.054761,27,15.782
blue_1,33.706325,73.054867,28,15.805
blue_1,33.706294,73.054782,29,15.813
blue_1,33.706381,73.054715,30,15.825
blue_1,33.706963,73.054278,31,15.901
blue_1,33.706969,73.054263,32,15.902
blue_1,33.706906,73.054007,33,15.927
blue_1,33.705871,73.051983,34,16.147
fr_14_0,33.73536,73.165586,1,0
fr_14_0,33.735085,73.16563,2,0.031
fr_14_0,33.734874,73.165656,3,0.054
fr_14_0,33.734919,73.164466,4,0.165
fr_14_0,33.734793,73.163204,5,0.282
fr_14_0,33.73472,73.162027,6,0.391
fr_14_0,33.734611,73.159737,7,0.603
fr_14_0,33.734568,73.159363,8,0.638
fr_14_0,33.734338,73.156656,9,0.89
fr_14_0,33.734287,73.155868,10,0.963
fr_14_0,33.733731,73.153414,11,1.198
fr_14_0,33.733295,73.15199,12,1.339
fr_14_0,33.73286,73.150876,13,1.452
fr_14_0,33.731668,73.148853,14,1.682
fr_14_0,33.729574,73.145039,15,2.104
fr_14_0,33.728111,73.142657,16,2.378
fr_14_0,33.725821,73.1392,17,2.787
fr_14_0,33.72471,73.137941,18,2.957
fr_14_0,33.723614,73.136675,19,3.126
fr_14_0,33.72314,73.136142,20,3.198
fr_14_0,33.72185,73.134771,21,3.389
fr_14_0,33.721221,73.134045,22,3.486
fr_14_0,33.720952,73.132873,23,3.599
fr_14_0,33.720838,73.13114,24,3.759
fr_14_0,33.720334,73.129082,25,3.958
fr_14_0,33.720058,73.127839,26,4.077
fr_14_0,33.719728,73.127024,27,4.161
fr_14_0,33.718547,73.124644,28,4.417
fr_14_0,33.718701,73.121912,29,4.67
fr_14_0,33.718788,73.120348,30,4.815
fr_14_0,33.718056,73.118742,31,4.985
fr_14_0,33.715774,73.114749,32,5.433
fr_14_0,33.713851,73.111709,33,5.786
fr_14_0,33.711497,73.106825,34,6.308
fr_14_0,33.710075,73.106194,35,6.476
fr_14_0,33.707948,73.106272,36,6.713
fr_14_0,33.706122,73.106698,37,6.92
fr_14_0,33.702504,73.108638,38,7.36
fr_14_0,33.699569,73.110045,39,7.712
fr_14_0,33.69831,73.110595,40,7.861
fr_14_0,33.697517,73.110664,41,7.949
fr_14_0,33.696864,73.11065,42,8.022
fr_14_0,33.693388,73.110386,43,8.409
fr_14_0,33.689931,73.110366,44,8.793
fr_14_0,33.688918,73.11021,45,8.907
fr_14_0,33.68756,73.109149,46,9.087
fr_14_0,33.685133,73.106667,47,9.442
fr_14_0,33.682582,73.104038,48,9.815
fr_14_0,33.681924,73.102923,49,9.942
fr_14_0,33.678326,73.096565,50,10.653
fr_14_0,33.677831,73.096111,51,10.722
fr_14_0,33.672093,73.0934,52,11.408
fr_14_0,33.670917,73.092754,53,11.552
fr_14_0,33.668291,73.090412,54,11.915
fr_14_0,33.666553,73.088901,55,12.154
fr_14_0,33.665818,73.08903,56,12.237
fr_14_0,33.663443,73.089217,57,12.501
fr_14_0,33.661847,73.089427,58,12.68
fr_14_0,33.66091,73.089964,59,12.795
fr_14_0,33.655191,73.094293,60,13.547
fr_14_0,33.652382,73.096509,61,13.92
fr_14_0,33.652251,73.096916,62,13.961
fr_14_0,33.652333,73.097277,63,13.995
fr_14_0,33.652587,73.097487,64,14.03
fr_14_0,33.653115,73.097433,65,14.089
fr_14_0,33.653353,73.096985,66,14.138
fr_14_0,33.65325,73.096495,67,14.185
fr_14_0,33.653074,73.096054,68,14.23
fr_14_0,33.652498,73.095025,69,14.345
fr_14_0,33.652115,73.09494,70,14.388
fr_14_0,33.651739,73.095117,71,14.433
fr_14_0,33.65145,73.09539,72,14.474
fr_14_0,33.651323,73.095801,73,14.514
fr_14_0,33.651508,73.096198,74,14.556
fr_14_0,33.651864,73.096235,75,14.596
fr_14_0,33.652401,73.095962,76,14.661
fr_14_0,33.653713,73.095014,77,14.831
fr_14_0,33.659651,73.090595,78,15.608
fr_14_0,33.661465,73.089054,79,15.855
fr_14_0,33.662495,73.087282,80,16.055
fr_14_0,33.663305,73.085948,81,16.208
fr_14_0,33.663436,73.085451,82,16.256
fr_14_0,33.66301,73.084593,83,16.349
fr_14_0,33.661564,73.082227,84,16.62
fr_14_0,33.655873,73.071827,85,17.772
fr_14_0,33.653744,73.067714,86,18.22
fr_14_0,33.651655,73.063849,87,18.647
fr_14_0,33.650877,73.062253,88,18.818
fr_14_0,33.648675,73.058027,89,19.28
fr_14_0,33.64755,73.055653,90,19.533
fr_14_0,33.646868,73.054167,91,19.69
fr_14_0,33.646042,73.052591,92,19.862
fr_14_0,33.64505,73.050946,93,20.05
fr_14_0,33.644305,73.049692,94,20.193
fr_14_0,33.641367,73.044241,95,20.794
fr_14_0,33.639139,73.039901,96,21.266
fr_14_0,33.63563,73.03319,97,21.999
fr_14_0,33.634903,73.032017,98,22.135
fr_14_0,33.63473,73.031781,99,22.164
fr_14_0,33.634502,73.031511,100,22.2
fr_14_0,33.634427,73.031211,101,22.229
fr_14_1,33.635689,73.032592,1,0
fr_14_1,33.63586,73.033229,2,0.062
fr_14_1,33.636505,73.034542,3,0.203
fr_14_1,33.63839,73.038149,4,0.597
fr_14_1,33.638871,73.039022,5,0.694
fr_14_1,33.639424,73.040007,6,0.804
fr_14_1,33.640489,73.042137,7,1.034
fr_14_1,33.643359,73.047515,8,1.626
fr_14_1,33.644614,73.049768,9,1.877
fr_14_1,33.645207,73.050743,10,1.988
fr_14_1,33.645879,73.051918,11,2.12
fr_14_1,33.646972,73.054106,12,2.356
fr_14_1,33.647348,73.054784,13,2.432
fr_14_1,33.647983,73.056132,14,2.575
fr_14_1,33.648594,73.0575,15,2.719
fr_14_1,33.649554,73.059426,16,2.927
fr_14_1,33.650819,73.061765,17,3.185
fr_14_1,33.6522,73.064433,18,3.476
fr_14_1,33.653492,73.066638,19,3.725
fr_14_1,33.655324,73.070194,20,4.112
fr_14_1,33.656615,73.072657,21,4.382
fr_14_1,33.657911,73.07525,22,4.662
fr_14_1,33.660411,73.080001,23,5.182
fr_14_1,33.6622,73.08287,24,5.514
fr_14_1,33.663284,73.08478,25,5.728
fr_14_1,33.663536,73.085349,26,5.787
fr_14_1,33.66385,73.086131,27,5.868
fr_14_1,33.664859,73.087095,28,6.011
fr_14_1,33.666713,73.088673,29,6.264
fr_14_1,33.668024,73.089864,30,6.446
fr_14_1,33.669633,73.091373,31,6.673
fr_14_1,33.670801,73.092387,32,6.834
fr_14_1,33.672429,73.093341,33,7.035
fr_14_1,33.674321,73.094289,34,7.263
fr_14_1,33.678035,73.096033,35,7.706
fr_14_1,33.678033,73.096028,36,7.707
fr_14_1,33.678404,73.096448,37,7.764
fr_14_1,33.679124,73.097515,38,7.891
fr_14_1,33.681972,73.102643,39,8.461
fr_14_1,33.682491,73.103554,40,8.563
fr_14_1,33.683098,73.10428,41,8.659
fr_14_1,33.687297,73.108475,42,9.266
fr_14_1,33.68919,73.109799,43,9.509
fr_14_1,33.690223,73.110011,44,9.626
fr_14_1,33.691634,73.110118,45,9.783
fr_14_1,33.694381,73.110274,46,10.089
fr_14_1,33.696503,73.11041,47,10.325
fr_14_1,33.697922,73.110435,48,10.483
fr_14_1,33.698617,73.110257,49,10.562
fr_14_1,33.701191,73.109048,50,10.869
fr_14_1,33.706647,73.10616,51,11.532
fr_14_1,33.708721,73.105114,52,11.782
fr_14_1,33.709023,73.105255,53,11.818
fr_14_1,33.709469,73.105415,54,11.87
fr_14_1,33.710178,73.105559,55,11.95
fr_14_1,33.711341,73.106226,56,12.093
fr_14_1,33.711787,73.106945,57,12.176
fr_14_1,33.713169,73.110004,58,12.498
fr_14_1,33.713619,73.111011,59,12.604
fr_14_1,33.714195,73.111878,60,12.706
fr_14_1,33.714691,73.112533,61,12.788
fr_14_1,33.71567,73.114235,62,12.98
fr_14_1,33.718117,73.118575,63,13.465
fr_14_1,33.718719,73.119882,64,13.603
fr_14_1,33.718889,73.120371,65,13.652
fr_14_1,33.718794,73.121917,66,13.795
fr_14_1,33.71868,73.123941,67,13.983
fr_14_1,33.718718,73.124602,68,14.044
fr_14_1,33.719362,73.126067,69,14.197
fr_14_1,33.720047,73.127261,70,14.332
fr_14_1,33.72035,73.12794,71,14.403
fr_14_1,33.720644,73.129379,72,14.54
fr_14_1,33.721161,73.132296,73,14.816
fr_14_1,33.72163,73.133909,74,14.974
fr_14_1,33.722327,73.134886,75,15.093
fr_14_1,33.72354,73.136271,76,15.279
fr_14_1,33.724888,73.137851,77,15.488
fr_14_1,33.726151,73.139448,78,15.692
fr_14_1,33.72823,73.142562,79,16.061
fr_14_1,33.729715,73.144813,80,16.327
fr_14_1,33.731238,73.147515,81,16.629
fr_14_1,33.732977,73.150735,82,16.984
fr_14_1,33.733488,73.151985,83,17.113
fr_14_1,33.73429,73.155157,84,17.419
fr_14_1,33.734516,73.15641,85,17.538
fr_14_1,33.734815,73.160328,86,17.902
fr_14_1,33.735115,73.164799,87,18.316
fr_14_1,33.735227,73.165208,88,18.356
fr_14_1,33.735511,73.165334,89,18.39
fr_8a_0,33.706009,73.051881,1,0
fr_8a_0,33.707185,73.054165,2,0.248
fr_8a_0,33.706995,73.054402,3,0.279
fr_8a_0,33.701361,73.058558,4,1.014
fr_8a_0,33.70125,73.058881,5,1.046
fr_8a_0,33.701144,73.059085,6,1.069
fr_8a_0,33.700966,73.059137,7,1.089
fr_8a_0,33.700667,73.059148,8,1.122
fr_8a_0,33.69953,73.059994,9,1.271
fr_8a_0,33.699465,73.060238,10,1.295
fr_8a_0,33.700088,73.061393,11,1.422
fr_8a_0,33.69995,73.061578,12,1.445
fr_8a_0,33.698047,73.062979,13,1.693
fr_8a_0,33.697891,73.062943,14,1.711
fr_8a_0,33.697669,73.062574,15,1.753
fr_8a_0,33.697527,73.062583,16,1.769
fr_8a_0,33.696053,73.063825,17,1.969
fr_8a_0,33.695889,73.064304,18,2.017
fr_8a_0,33.695925,73.064821,19,2.065
fr_8a_0,33.696274,73.0655,20,2.139
fr_8a_0,33.696367,73.06606,21,2.191
fr_8a_0,33.696265,73.066542,22,2.237
fr_8a_0,33.696073,73.067187,23,2.301
fr_8a_0,33.696211,73.06765,24,2.346
fr_8a_0,33.698795,73.072611,25,2.888
fr_8a_0,33.701985,73.078677,26,3.552
fr_8a_0,33.702153,73.079186,27,3.602
fr_8a_0,33.702634,73.08018,28,3.709
fr_8a_0,33.704394,73.083547,29,4.076
fr_8a_0,33.704863,73.084497,30,4.179
fr_8a_0,33.70545,73.085305,31,4.278
fr_8a_0,33.708684,73.091464,32,4.952
fr_8a_0,33.712663,73.099066,33,5.782
fr_8a_0,33.714586,73.102737,34,6.184
fr_8a_0,33.715834,73.105161,35,6.447
fr_8a_0,33.715817,73.105271,36,6.458
fr_8a_0,33.715692,73.105188,37,6.474
fr_8a_0,33.714787,73.103625,38,6.65
fr_8a_0,33.714304,73.102722,39,6.749
fr_8a_0,33.71421,73.102658,40,6.761
fr_8a_0,33.71405,73.102721,41,6.78
fr_8a_0,33.713072,73.103467,42,6.909
fr_8a_0,33.712697,73.103657,43,6.954
fr_8a_0,33.712054,73.103654,44,7.025
fr_8a_0,33.711478,73.103607,45,7.089
fr_8a_0,33.710936,73.103885,46,7.155
fr_8a_0,33.710105,73.104339,47,7.256
fr_8a_0,33.709331,73.105045,48,7.365
fr_8a_0,33.709168,73.105358,49,7.399
fr_8a_0,33.70908,73.105845,50,7.445
fr_8a_0,33.708721,73.106222,51,7.498
fr_8a_0,33.708068,73.106324,52,7.571
fr_8a_0,33.707667,73.106211,53,7.617
fr_8a_0,33.706534,73.106434,54,7.744
fr_8a_0,33.705991,73.106752,55,7.812
fr_8a_0,33.699506,73.110104,56,8.597
fr_8a_0,33.698419,73.110554,57,8.724
fr_8a_0,33.697404,73.110652,58,8.838
fr_8a_0,33.69239,73.110403,59,9.396
fr_8a_0,33.691278,73.110327,60,9.519
fr_8a_0,33.690474,73.110538,61,9.611
fr_8a_0,33.689588,73.110699,62,9.711
fr_8a_0,33.689365,73.110805,63,9.737
fr_8a_0,33.689236,73.111169,64,9.774
fr_8a_0,33.689227,73.111914,65,9.843
fr_8a_0,33.689246,73.113331,66,9.974
fr_8a_0,33.689278,73.114669,67,10.098
fr_8a_0,33.689096,73.115966,68,10.219
fr_8a_0,33.688696,73.117434,69,10.362
fr_8a_0,33.688465,73.118231,70,10.44
fr_8a_0,33.688281,73.119656,71,10.574
fr_8a_0,33.688064,73.122806,72,10.866
fr_8a_0,33.687925,73.12415,73,10.992
fr_8a_0,33.687791,73.129301,74,11.468
fr_8a_0,33.687504,73.131028,75,11.631
fr_8a_0,33.687247,73.132251,76,11.748
fr_8a_0,33.686763,73.133377,77,11.865
fr_8a_0,33.686008,73.134377,78,11.99
fr_8a_0,33.684518,73.135649,79,12.194
fr_8a_0,33.678491,73.140764,80,13.014
fr_8a_0,33.675077,73.143635,81,13.477
fr_8a_0,33.671363,73.146719,82,13.979
fr_8a_0,33.664527,73.152522,83,14.91
fr_8a_0,33.663694,73.153023,84,15.014
fr_8a_0,33.663053,73.153377,85,15.092
fr_8a_0,33.660611,73.153603,86,15.364
fr_8a_0,33.657553,73.153763,87,15.705
fr_8a_0,33.656895,73.153855,88,15.778
fr_8a_0,33.656036,73.154114,89,15.877
fr_8a_0,33.655501,73.154378,90,15.941
fr_8a_0,33.654829,73.154949,91,16.033
fr_8a_0,33.654358,73.155494,92,16.105
fr_8a_0,33.653054,73.157748,93,16.36
fr_8a_0,33.651905,73.15969,94,16.58
fr_8a_0,33.651471,73.160235,95,16.65
fr_8a_0,33.650899,73.16073,96,16.728
fr_8a_0,33.650311,73.161173,97,16.805
fr_8a_0,33.6496,73.161535,98,16.891
fr_8a_0,33.648732,73.161941,99,16.995
fr_8a_0,33.647462,73.162566,100,17.147
fr_8a_0,33.646473,73.163032,101,17.266
fr_8a_0,33.644802,73.163869,102,17.467
fr_8a_1,33.644744,73.163678,1,0
fr_8a_1,33.650282,73.160986,2,0.664
fr_8a_1,33.650898,73.160532,3,0.745
fr_8a_1,33.651871,73.15948,4,0.89
fr_8a_1,33.654199,73.155388,5,1.349
fr_8a_1,33.654775,73.154748,6,1.436
fr_8a_1,33.655367,73.154261,7,1.516
fr_8a_1,33.655979,73.153898,8,1.592
fr_8a_1,33.656841,73.153648,9,1.691
fr_8a_1,33.662769,73.153144,10,2.351
fr_8a_1,33.663214,73.153033,11,2.402
fr_8a_1,33.664026,73.152627,12,2.5
fr_8a_1,33.686043,73.134013,13,5.493
fr_8a_1,33.686382,73.13363,14,5.545
fr_8a_1,33.686956,73.132589,15,5.66
fr_8a_1,33.687214,73.13172,16,5.746
fr_8a_1,33.68747,73.129849,17,5.921
fr_8a_1,33.687601,73.128693,18,6.029
fr_8a_1,33.687756,73.124773,19,6.392
fr_8a_1,33.687853,73.12241,20,6.611
fr_8a_1,33.688182,73.118575,21,6.968
fr_8a_1,33.688575,73.116924,22,7.127
fr_8a_1,33.689039,73.115129,23,7.301
fr_8a_1,33.689063,73.114047,24,7.401
fr_8a_1,33.68898,73.111341,25,7.651
fr_8a_1,33.688874,73.110761,26,7.706
fr_8a_1,33.688682,73.110354,27,7.749
fr_8a_1,33.688755,73.110059,28,7.778
fr_8a_1,33.688912,73.109881,29,7.802
fr_8a_1,33.689109,73.109877,30,7.824
fr_8a_1,33.689352,73.110088,31,7.857
fr_8a_1,33.689764,73.110194,32,7.904
fr_8a_1,33.690321,73.110163,33,7.966
fr_8a_1,33.691089,73.110116,34,8.052
fr_8a_1,33.692361,73.110148,35,8.193
fr_8a_1,33.693819,73.110251,36,8.355
fr_8a_1,33.697296,73.11046,37,8.743
fr_8a_1,33.697928,73.110464,38,8.813
fr_8a_1,33.698518,73.110335,39,8.879
fr_8a_1,33.703506,73.107877,40,9.479
fr_8a_1,33.706209,73.10639,41,9.809
fr_8a_1,33.707695,73.105725,42,9.986
fr_8a_1,33.708527,73.105226,43,10.089
fr_8a_1,33.709412,73.104658,44,10.201
fr_8a_1,33.711049,73.103642,45,10.406
fr_8a_1,33.711467,73.103491,46,10.454
fr_8a_1,33.711724,73.103449,47,10.483
fr_8a_1,33.712599,73.10353,48,10.581
fr_8a_1,33.713182,73.103181,49,10.653
fr_8a_1,33.714009,73.102486,50,10.765
fr_8a_1,33.714009,73.102236,51,10.788
fr_8a_1,33.712845,73.099935,52,11.037
fr_8a_1,33.712422,73.098942,53,11.141
fr_8a_1,33.711628,73.097401,54,11.308
fr_8a_1,33.705528,73.085717,55,12.584
fr_8a_1,33.705021,73.084859,56,12.682
fr_8a_1,33.704786,73.084514,57,12.723
fr_8a_1,33.702444,73.079984,58,13.216
fr_8a_1,33.701974,73.078994,59,13.322
fr_8a_1,33.69616,73.06782,60,14.541
fr_8a_1,33.695972,73.067211,61,14.601
fr_8a_1,33.696281,73.066113,62,14.708
fr_8a_1,33.696186,73.065581,63,14.759
fr_8a_1,33.695825,73.064965,64,14.828
fr_8a_1,33.69524,73.064611,65,14.901
fr_8a_1,33.694396,73.06492,66,14.999
fr_8a_1,33.693308,73.065778,67,15.144
fr_8a_1,33.693009,73.066189,68,15.194
fr_8a_1,33.693028,73.066686,69,15.24
fr_8a_1,33.693367,73.067069,70,15.292
fr_8a_1,33.693951,73.066983,71,15.358
fr_8a_1,33.694111,73.066486,72,15.407
fr_8a_1,33.693849,73.065605,73,15.493
fr_8a_1,33.693454,73.064793,74,15.58
fr_8a_1,33.693066,73.064146,75,15.654
fr_8a_1,33.692806,73.063969,76,15.687
fr_8a_1,33.692366,73.06374,77,15.741
fr_8a_1,33.691957,73.063865,78,15.788
fr_8a_1,33.691635,73.064064,79,15.828
fr_8a_1,33.691448,73.064586,80,15.881
fr_8a_1,33.691441,73.064969,81,15.916
fr_8a_1,33.691608,73.065363,82,15.957
fr_8a_1,33.691883,73.065637,83,15.997
fr_8a_1,33.692332,73.065753,84,16.048
fr_8a_1,33.692899,73.065698,85,16.111
fr_8a_1,33.693574,73.065236,86,16.197
fr_8a_1,33.699301,73.060929,87,16.948
fr_8a_1,33.707503,73.05462,88,18.031
fr_8a_1,33.707579,73.054425,89,18.051
fr_8a_1,33.707431,73.054163,90,18.08
fr_8a_1,33.707206,73.054278,91,18.108
fr_8a_1,33.707026,73.054216,92,18.128
fr_8a_1,33.705871,73.051983,93,18.372
fr_8c_0,33.706009,73.051881,1,0
fr_8c_0,33.707185,73.054165,2,0.248
fr_8c_0,33.707004,73.054423,3,0.28
fr_8c_0,33.707003,73.054418,4,0.28
fr_8c_0,33.704624,73.056143,5,0.589
fr_8c_0,33.701482,73.058473,6,1
fr_8c_0,33.701284,73.058738,7,1.033
fr_8c_0,33.701149,73.059086,8,1.068
fr_8c_0,33.700877,73.059134,9,1.099
fr_8c_0,33.700664,73.059162,10,1.122
fr_8c_0,33.698709,73.060661,11,1.38
fr_8c_0,33.696934,73.062064,12,1.617
fr_8c_0,33.696344,73.06236,13,1.688
fr_8c_0,33.696131,73.062456,14,1.713
fr_8c_0,33.694137,73.061933,15,1.94
fr_8c_0,33.693357,73.061603,16,2.032
fr_8c_0,33.692932,73.061365,17,2.084
fr_8c_0,33.692496,73.060877,18,2.15
fr_8c_0,33.692195,73.060357,19,2.209
fr_8c_0,33.691987,73.060444,20,2.233
fr_8c_0,33.691782,73.060722,21,2.268
fr_8c_0,33.691719,73.061058,22,2.3
fr_8c_0,33.694572,73.066335,23,2.882
fr_8c_0,33.695094,73.066671,24,2.948
fr_8c_0,33.695495,73.066649,25,2.992
fr_8c_0,33.695807,73.066452,26,3.031
fr_8c_0,33.69609,73.065865,27,3.094
fr_8c_0,33.695999,73.065339,28,3.144
fr_8c_0,33.695678,73.064801,29,3.205
fr_8c_0,33.695003,73.064636,30,3.282
fr_8c_0,33.694402,73.064935,31,3.354
fr_8c_0,33.668184,73.084548,32,6.788
fr_8c_0,33.667212,73.085361,33,6.92
fr_8c_0,33.666902,73.08594,34,6.983
fr_8c_0,33.666772,73.087131,35,7.095
fr_8c_0,33.666628,73.088218,36,7.197
fr_8c_0,33.666775,73.088658,37,7.24
fr_8c_0,33.667411,73.089246,38,7.33
fr_8c_0,33.669622,73.091402,39,7.646
fr_8c_0,33.670945,73.09251,40,7.826
fr_8c_0,33.671745,73.09292,41,7.922
fr_8c_0,33.673149,73.09372,42,8.095
fr_8c_0,33.677659,73.095812,43,8.633
fr_8c_0,33.678161,73.096137,44,8.696
fr_8c_0,33.678727,73.096839,45,8.786
fr_8c_0,33.681748,73.10227,46,9.391
fr_8c_0,33.682303,73.103317,47,9.506
fr_8c_0,33.683171,73.104433,48,9.647
fr_8c_0,33.684804,73.10608,49,9.884
fr_8c_0,33.687251,73.10862,50,10.244
fr_8c_0,33.688065,73.109299,51,10.354
fr_8c_0,33.688634,73.109673,52,10.426
fr_8c_0,33.688868,73.109925,53,10.461
fr_8c_0,33.689008,73.110397,54,10.507
fr_8c_0,33.689159,73.112804,55,10.731
fr_8c_0,33.689322,73.114305,56,10.871
fr_8c_0,33.689261,73.115344,57,10.967
fr_8c_0,33.689096,73.115966,58,11.027
fr_8c_0,33.688696,73.117434,59,11.17
fr_8c_0,33.688465,73.118231,60,11.248
fr_8c_0,33.688281,73.119656,61,11.382
fr_8c_0,33.688064,73.122806,62,11.674
fr_8c_0,33.687925,73.12415,63,11.8
fr_8c_0,33.687791,73.129301,64,12.276
fr_8c_0,33.687504,73.131028,65,12.439
fr_8c_0,33.687247,73.132251,66,12.556
fr_8c_0,33.686763,73.133377,67,12.673
fr_8c_0,33.686008,73.134377,68,12.798
fr_8c_0,33.684518,73.135649,69,13.002
fr_8c_0,33.678491,73.140764,70,13.822
fr_8c_0,33.675077,73.143635,71,14.285
fr_8c_0,33.671363,73.146719,72,14.787
fr_8c_0,33.664527,73.152522,73,15.718
fr_8c_0,33.663694,73.153023,74,15.822
fr_8c_0,33.663053,73.153377,75,15.9
fr_8c_0,33.660611,73.153603,76,16.172
fr_8c_0,33.657553,73.153763,77,16.513
fr_8c_0,33.656895,73.153855,78,16.586
fr_8c_0,33.656036,73.154114,79,16.685
fr_8c_0,33.655501,73.154378,80,16.749
fr_8c_0,33.654829,73.154949,81,16.841
fr_8c_0,33.654358,73.155494,82,16.913
fr_8c_0,33.653054,73.157748,83,17.167
fr_8c_0,33.651905,73.15969,84,17.388
fr_8c_0,33.651471,73.160235,85,17.458
fr_8c_0,33.650899,73.16073,86,17.536
fr_8c_0,33.650311,73.161173,87,17.613
fr_8c_0,33.6496,73.161535,88,17.699
fr_8c_0,33.648732,73.161941,89,17.803
fr_8c_0,33.647462,73.162566,90,17.955
fr_8c_0,33.646473,73.163032,91,18.074
fr_8c_0,33.644802,73.163869,92,18.275
fr_8c_1,33.644744,73.163678,1,0
fr_8c_1,33.650282,73.160986,2,0.664
fr_8c_1,33.650898,73.160532,3,0.745
fr_8c_1,33.651871,73.15948,4,0.89
fr_8c_1,33.654199,73.155388,5,1.349
fr_8c_1,33.654775,73.154748,6,1.436
fr_8c_1,33.655367,73.154261,7,1.516
fr_8c_1,33.655979,73.153898,8,1.592
fr_8c_1,33.656841,73.153648,9,1.691
fr_8c_1,33.662769,73.153144,10,2.351
fr_8c_1,33.663214,73.153033,11,2.402
fr_8c_1,33.664026,73.152627,12,2.5
fr_8c_1,33.686043,73.134013,13,5.493
fr_8c_1,33.686382,73.13363,14,5.545
fr_8c_1,33.686956,73.132589,15,5.66
fr_8c_1,33.687214,73.13172,16,5.746
fr_8c_1,33.68747,73.129849,17,5.921
fr_8c_1,33.687601,73.128693,18,6.029
fr_8c_1,33.687756,73.124773,19,6.392
fr_8c_1,33.687853,73.12241,20,6.611
fr_8c_1,33.688182,73.118575,21,6.968
fr_8c_1,33.688575,73.116924,22,7.127
fr_8c_1,33.689039,73.115129,23,7.301
fr_8c_1,33.689063,73.114047,24,7.401
fr_8c_1,33.689014,73.112136,25,7.578
fr_8c_1,33.688911,73.111266,26,7.659
fr_8c_1,33.688674,73.110606,27,7.725
fr_8c_1,33.687968,73.109749,28,7.837
fr_8c_1,33.686944,73.108685,29,7.988
fr_8c_1,33.685271,73.106794,30,8.243
fr_8c_1,33.683307,73.104821,31,8.528
fr_8c_1,33.682577,73.103935,32,8.643
fr_8c_1,33.681647,73.102404,33,8.818
fr_8c_1,33.680162,73.099664,34,9.121
fr_8c_1,33.67926,73.098001,35,9.305
fr_8c_1,33.678377,73.096615,36,9.466
fr_8c_1,33.677824,73.096138,37,9.542
fr_8c_1,33.676803,73.095581,38,9.666
fr_8c_1,33.676012,73.095272,39,9.759
fr_8c_1,33.672999,73.093809,40,10.12
fr_8c_1,33.671704,73.093112,41,10.278
fr_8c_1,33.671027,73.092738,42,10.361
fr_8c_1,33.670339,73.092186,43,10.453
fr_8c_1,33.668557,73.090663,44,10.696
fr_8c_1,33.666538,73.088839,45,10.977
fr_8c_1,33.665726,73.088189,46,11.085
fr_8c_1,33.664316,73.087067,47,11.273
fr_8c_1,33.663837,73.086643,48,11.34
fr_8c_1,33.663357,73.086534,49,11.394
fr_8c_1,33.663197,73.086645,50,11.414
fr_8c_1,33.663104,73.086915,51,11.442
fr_8c_1,33.663117,73.087185,52,11.467
fr_8c_1,33.663277,73.087391,53,11.493
fr_8c_1,33.663668,73.087494,54,11.537
fr_8c_1,33.664074,73.087238,55,11.588
fr_8c_1,33.666068,73.085814,56,11.846
fr_8c_1,33.694621,73.064366,57,15.59
fr_8c_1,33.697167,73.062487,58,15.922
fr_8c_1,33.707455,73.054675,59,17.276
fr_8c_1,33.707549,73.054449,60,17.299
fr_8c_1,33.707413,73.054258,61,17.322
fr_8c_1,33.707206,73.054278,62,17.345
fr_8c_1,33.707096,73.054345,63,17.359
fr_8c_1,33.706504,73.054761,64,17.435
fr_8c_1,33.706325,73.054867,65,17.457
fr_8c_1,33.706294,73.054782,66,17.466
fr_8c_1,33.706381,73.054715,67,17.478
fr_8c_1,33.706963,73.054278,68,17.554
fr_8c_1,33.706969,73.054263,69,17.555
fr_8c_1,33.706906,73.054007,70,17.58
fr_8c_1,33.705871,73.051983,71,17.8
fr_9_0,33.627302,73.116643,1,0
fr_9_0,33.627511,73.116577,2,0.024
fr_9_0,33.627782,73.116658,3,0.055
fr_9_0,33.628942,73.115822,4,0.206
fr_9_0,33.62909,73.115613,5,0.231
fr_9_0,33.629082,73.115242,6,0.265
fr_9_0,33.629068,73.114377,7,0.345
fr_9_0,33.629162,73.112975,8,0.476
fr_9_0,33.628995,73.112624,9,0.513
fr_9_0,33.628761,73.11253,10,0.54
fr_9_0,33.628505,73.112651,11,0.571
fr_9_0,33.628144,73.112972,12,0.621
fr_9_0,33.628046,73.113277,13,0.651
fr_9_0,33.628125,73.113531,14,0.676
fr_9_0,33.628374,73.113676,15,0.707
fr_9_0,33.628912,73.113559,16,0.768
fr_9_0,33.649349,73.098261,17,3.446
fr_9_0,33.649517,73.097961,18,3.479
fr_9_0,33.649766,73.09775,19,3.513
fr_9_0,33.650037,73.09768,20,3.544
fr_9_0,33.650659,73.097262,21,3.623
fr_9_0,33.653085,73.095485,22,3.939
fr_9_0,33.655765,73.093501,23,4.289
fr_9_0,33.658862,73.091247,24,4.692
fr_9_0,33.661173,73.089442,25,4.998
fr_9_0,33.661738,73.088636,26,5.096
fr_9_0,33.662807,73.086856,27,5.299
fr_9_0,33.663289,73.085971,28,5.397
fr_9_0,33.663371,73.08534,29,5.456
fr_9_0,33.663201,73.084883,30,5.502
fr_9_0,33.662027,73.082817,31,5.734
fr_9_0,33.6618,73.082533,32,5.77
fr_9_0,33.660766,73.080795,33,5.968
fr_9_0,33.659753,73.079188,34,6.154
fr_9_0,33.658565,73.07688,35,6.406
fr_9_0,33.656811,73.07351,36,6.773
fr_9_0,33.65352,73.067287,37,7.456
fr_9_0,33.651634,73.063731,38,7.846
fr_9_0,33.64849,73.057773,39,8.499
fr_9_0,33.647087,73.054615,40,8.83
fr_9_0,33.646078,73.052668,41,9.043
fr_9_0,33.643944,73.049068,42,9.452
fr_9_0,33.642142,73.045688,43,9.823
fr_9_0,33.6386,73.038892,44,10.566
fr_9_0,33.63563,73.033173,45,11.19
fr_9_0,33.634978,73.032117,46,11.311
fr_9_0,33.634634,73.031685,47,11.367
fr_9_0,33.634502,73.031507,48,11.389
fr_9_0,33.634422,73.03117,49,11.421
fr_9_0,33.634334,73.030825,50,11.455
fr_9_0,33.634017,73.030184,51,11.524
fr_9_0,33.632558,73.027273,52,11.838
fr_9_0,33.630068,73.02273,53,12.342
fr_9_0,33.623553,73.010132,54,13.715
fr_9_0,33.623532,73.0101,55,13.719
fr_9_0,33.618453,73.000498,56,14.772
fr_9_0,33.614939,72.993664,57,15.516
fr_9_0,33.614757,72.993324,58,15.553
fr_9_0,33.614662,72.992128,59,15.664
fr_9_0,33.6148,72.990834,60,15.785
fr_9_0,33.615397,72.989607,61,15.917
fr_9_0,33.61668,72.986758,62,16.217
fr_9_0,33.617834,72.98317,63,16.573
fr_9_0,33.618239,72.982078,64,16.683
fr_9_0,33.62013,72.979515,65,17
fr_9_0,33.621112,72.978022,66,17.177
fr_9_0,33.62413,72.971885,67,17.837
fr_9_0,33.624962,72.970175,68,18.02
fr_9_0,33.625314,72.969943,69,18.065
fr_9_0,33.625823,72.969761,70,18.124
fr_9_0,33.627142,72.969507,71,18.272
fr_9_0,33.62916,72.968884,72,18.504
fr_9_0,33.631025,72.96825,73,18.719
fr_9_0,33.633246,72.967403,74,18.979
fr_9_0,33.634754,72.966741,75,19.157
fr_9_0,33.635979,72.966026,76,19.309
fr_9_0,33.637513,72.965116,77,19.499
fr_9_0,33.63878,72.964484,78,19.651
fr_9_0,33.639764,72.96428,79,19.762
fr_9_0,33.64122,72.964748,80,19.93
fr_9_0,33.641971,72.96498,81,20.016
fr_9_0,33.642514,72.964896,82,20.077
fr_9_0,33.643257,72.964555,83,20.165
fr_9_0,33.642149,72.962418,84,20.399
fr_9_0,33.642,72.962427,85,20.415
fr_9_0,33.641702,72.962599,86,20.452
fr_9_0,33.641538,72.962527,87,20.471
fr_9_0,33.641371,72.962235,88,20.504
fr_9_1,33.641438,72.962194,1,0
fr_9_1,33.641562,72.962424,2,0.025
fr_9_1,33.641684,72.962488,3,0.04
fr_9_1,33.641977,72.962287,4,0.078
fr_9_1,33.642172,72.962348,5,0.1
fr_9_1,33.643397,72.964639,6,0.352
fr_9_1,33.642969,72.964883,7,0.405
fr_9_1,33.642334,72.965085,8,0.478
fr_9_1,33.641989,72.965085,9,0.516
fr_9_1,33.641791,72.965104,10,0.538
fr_9_1,33.640964,72.964879,11,0.633
fr_9_1,33.64012,72.964552,12,0.731
fr_9_1,33.639351,72.964493,13,0.817
fr_9_1,33.638755,72.964676,14,0.885
fr_9_1,33.636595,72.965831,15,1.148
fr_9_1,33.634831,72.966887,16,1.367
fr_9_1,33.632968,72.967653,17,1.586
fr_9_1,33.631086,72.968326,18,1.805
fr_9_1,33.627194,72.96955,19,2.252
fr_9_1,33.625785,72.969916,20,2.412
fr_9_1,33.625571,72.970028,21,2.438
fr_9_1,33.625338,72.970342,22,2.477
fr_9_1,33.624968,72.971007,23,2.551
fr_9_1,33.622356,72.976031,24,3.1
fr_9_1,33.62107,72.978576,25,3.375
fr_9_1,33.620439,72.979439,26,3.482
fr_9_1,33.618792,72.981517,27,3.747
fr_9_1,33.61836,72.982206,28,3.827
fr_9_1,33.617756,72.983936,29,4.001
fr_9_1,33.61738,72.985319,30,4.136
fr_9_1,33.617057,72.98644,31,4.245
fr_9_1,33.616049,72.988718,32,4.484
fr_9_1,33.615617,72.989686,33,4.586
fr_9_1,33.615294,72.990391,34,4.661
fr_9_1,33.614852,72.99191,35,4.81
fr_9_1,33.614903,72.992577,36,4.872
fr_9_1,33.615162,72.993399,37,4.953
fr_9_1,33.615419,72.994221,38,5.034
fr_9_1,33.61558,72.994379,39,5.057
fr_9_1,33.615738,72.994492,40,5.078
fr_9_1,33.615826,72.994677,41,5.098
fr_9_1,33.615838,72.99487,42,5.115
fr_9_1,33.61592,72.995183,43,5.146
fr_9_1,33.61691,72.997175,44,5.361
fr_9_1,33.617991,72.999131,45,5.578
fr_9_1,33.621048,73.005029,46,6.221
fr_9_1,33.628622,73.019339,47,7.791
fr_9_1,33.631434,73.024619,48,8.372
fr_9_1,33.633838,73.029146,49,8.869
fr_9_1,33.634894,73.031243,50,9.096
fr_9_1,33.635436,73.032305,51,9.211
fr_9_1,33.635576,73.032437,52,9.231
fr_9_1,33.63574,73.032783,53,9.268
fr_9_1,33.63586,73.033229,54,9.311
fr_9_1,33.636496,73.034595,55,9.456
fr_9_1,33.63839,73.038149,56,9.846
fr_9_1,33.638871,73.039022,57,9.943
fr_9_1,33.639424,73.040007,58,10.053
fr_9_1,33.640489,73.042137,59,10.283
fr_9_1,33.643359,73.047515,60,10.875
fr_9_1,33.644614,73.049768,61,11.126
fr_9_1,33.645207,73.050743,62,11.237
fr_9_1,33.645879,73.051918,63,11.369
fr_9_1,33.646972,73.054106,64,11.606
fr_9_1,33.647348,73.054784,65,11.681
fr_9_1,33.647983,73.056132,66,11.824
fr_9_1,33.648594,73.0575,67,11.968
fr_9_1,33.649554,73.059426,68,12.176
fr_9_1,33.650819,73.061765,69,12.434
fr_9_1,33.6522,73.064433,70,12.725
fr_9_1,33.653492,73.066638,71,12.974
fr_9_1,33.655324,73.070194,72,13.362
fr_9_1,33.656615,73.072657,73,13.631
fr_9_1,33.657911,73.07525,74,13.911
fr_9_1,33.660411,73.080001,75,14.431
fr_9_1,33.6622,73.08287,76,14.763
fr_9_1,33.663284,73.08478,77,14.977
fr_9_1,33.663536,73.085349,78,15.036
fr_9_1,33.66385,73.086131,79,15.117
fr_9_1,33.664859,73.087095,80,15.26
fr_9_1,33.665638,73.087712,81,15.364
fr_9_1,33.666081,73.087783,82,15.414
fr_9_1,33.66642,73.087676,83,15.453
fr_9_1,33.666593,73.087335,84,15.49
fr_9_1,33.666613,73.086979,85,15.523
fr_9_1,33.666463,73.086666,86,15.556
fr_9_1,33.666186,73.086459,87,15.592
fr_9_1,33.665651,73.086509,88,15.652
fr_9_1,33.664704,73.087122,89,15.772
fr_9_1,33.663693,73.087904,90,15.905
fr_9_1,33.65866,73.091664,91,16.564
fr_9_1,33.650539,73.097769,92,17.629
fr_9_1,33.650124,73.098236,93,17.693
fr_9_1,33.649908,73.098427,94,17.723
fr_9_1,33.649566,73.098595,95,17.764
fr_9_1,33.647773,73.099825,96,17.993
fr_9_1,33.645276,73.101622,97,18.317
fr_9_1,33.627686,73.114788,98,20.622
fr_9_1,33.627216,73.115222,99,20.687
fr_9_1,33.627067,73.115609,100,20.727
fr_9_1,33.626916,73.11582,101,20.753
fr_9_1,33.626713,73.11595,102,20.778
fr_9_1,33.626581,73.115959,103,20.793
green_0,33.706009,73.051881,1,0
green_0,33.707185,73.054165,2,0.248
green_0,33.706995,73.054402,3,0.279
green_0,33.701361,73.058558,4,1.014
green_0,33.70125,73.058881,5,1.046
green_0,33.701144,73.059085,6,1.069
green_0,33.700966,73.059137,7,1.089
green_0,33.700667,73.059148,8,1.122
green_0,33.696671,73.06227,9,1.652
green_0,33.696132,73.062455,10,1.714
green_0,33.695459,73.062342,11,1.79
green_0,33.694268,73.061988,12,1.926
green_0,33.693143,73.06152,13,2.059
green_0,33.69261,73.060966,14,2.137
green_0,33.692201,73.06038,15,2.208
green_0,33.692083,73.060309,16,2.223
green_0,33.69168,73.06087,17,2.291
green_0,33.69367,73.064666,18,2.706
green_0,33.696089,73.069256,19,3.209
green_0,33.699124,73.075195,20,3.854
green_0,33.700375,73.077506,21,4.109
green_0,33.700538,73.077601,22,4.129
green_0,33.700675,73.077832,23,4.155
green_0,33.700789,73.07815,24,4.187
green_0,33.700905,73.078692,25,4.239
green_0,33.701582,73.08035,26,4.41
green_0,33.702229,73.081495,27,4.538
green_0,33.703401,73.083816,28,4.789
green_0,33.704218,73.085569,29,4.975
green_0,33.704664,73.086635,30,5.085
green_0,33.705258,73.087529,31,5.191
green_0,33.705471,73.087706,32,5.22
green_0,33.70572,73.087918,33,5.254
green_0,33.705844,73.088126,34,5.278
green_0,33.70594,73.088459,35,5.31
green_0,33.706111,73.088775,36,5.345
green_0,33.706425,73.089265,37,5.402
green_0,33.711013,73.098076,38,6.364
green_0,33.712598,73.101058,39,6.691
green_0,33.713432,73.102506,40,6.854
green_0,33.714099,73.103765,41,6.992
green_0,33.717711,73.110538,42,7.736
green_0,33.720159,73.115391,43,8.261
green_0,33.720201,73.115401,44,8.266
green_0,33.720223,73.115352,45,8.271
green_0,33.72039,73.11687,46,8.413
green_0,33.720133,73.117575,47,8.484
green_0,33.719521,73.118666,48,8.606
green_0,33.719166,73.119723,49,8.711
green_0,33.718868,73.122087,50,8.932
green_0,33.718682,73.123944,51,9.105
green_0,33.718786,73.124784,52,9.184
green_0,33.71992,73.126854,53,9.413
green_0,33.72033,73.127809,54,9.512
green_0,33.720947,73.131102,55,9.824
green_0,33.721358,73.13326,56,10.029
green_0,33.722128,73.134618,57,10.181
green_0,33.725715,73.138802,58,10.737
green_0,33.729692,73.144682,59,11.438
green_0,33.729696,73.14472,60,11.441
green_0,33.733067,73.150935,61,12.128
green_0,33.733506,73.15201,62,12.238
green_0,33.734506,73.156263,63,12.647
green_0,33.734889,73.161169,64,13.103
green_0,33.73506,73.163759,65,13.343
green_0,33.735135,73.165028,66,13.461
green_0,33.735347,73.165304,67,13.495
green_0,33.735528,73.165295,68,13.515
green_1,33.735366,73.165586,1,0
green_1,33.734903,73.16565,2,0.052
green_1,33.734917,73.164533,3,0.155
green_1,33.734719,73.16139,4,0.447
green_1,33.734609,73.159517,5,0.62
green_1,33.734297,73.155931,6,0.954
green_1,33.733327,73.152062,7,1.327
green_1,33.73286,73.150858,8,1.45
green_1,33.729531,73.144945,9,2.11
green_1,33.727047,73.140971,10,2.57
green_1,33.725185,73.138453,11,2.882
green_1,33.72263,73.13554,12,3.273
green_1,33.721659,73.134558,13,3.414
green_1,33.721125,73.133664,14,3.516
green_1,33.720903,73.131905,15,3.681
green_1,33.720646,73.130158,16,3.845
green_1,33.720146,73.128118,17,4.042
green_1,33.719092,73.125938,18,4.275
green_1,33.718599,73.124829,19,4.391
green_1,33.718821,73.120016,20,4.837
green_1,33.719437,73.118492,21,4.994
green_1,33.719905,73.11761,22,5.09
green_1,33.720185,73.116835,23,5.169
green_1,33.719968,73.1154,24,5.303
green_1,33.719965,73.115344,25,5.309
green_1,33.706369,73.089449,26,8.141
green_1,33.706055,73.089036,27,8.193
green_1,33.705825,73.088798,28,8.226
green_1,33.705714,73.088496,29,8.257
green_1,33.705576,73.088199,30,8.288
green_1,33.705173,73.087675,31,8.355
green_1,33.705166,73.087668,32,8.356
green_1,33.704701,73.087123,33,8.428
green_1,33.703851,73.085367,34,8.616
green_1,33.701414,73.080721,35,9.124
green_1,33.700787,73.079069,36,9.292
green_1,33.700555,73.0785,37,9.35
green_1,33.700319,73.07832,38,9.381
green_1,33.700181,73.078034,39,9.412
green_1,33.700105,73.077521,40,9.46
green_1,33.699187,73.075792,41,9.65
green_1,33.695926,73.069416,42,10.342
green_1,33.69356,73.06502,43,10.827
green_1,33.693066,73.064146,44,10.924
green_1,33.692806,73.063969,45,10.958
green_1,33.692366,73.06374,46,11.011
green_1,33.691957,73.063865,47,11.058
green_1,33.691635,73.064064,48,11.098
green_1,33.691448,73.064586,49,11.151
green_1,33.691441,73.064969,50,11.186
green_1,33.691608,73.065363,51,11.227
green_1,33.691883,73.065637,52,11.267
green_1,33.692332,73.065753,53,11.318
green_1,33.692899,73.065698,54,11.381
green_1,33.693574,73.065236,55,11.468
green_1,33.697167,73.062487,56,11.941
green_1,33.707455,73.054675,57,13.294
green_1,33.707549,73.054449,58,13.318
green_1,33.707413,73.054258,59,13.341
green_1,33.707206,73.054278,60,13.364
green_1,33.707096,73.054345,61,13.378
green_1,33.706504,73.054761,62,13.454
green_1,33.706325,73.054867,63,13.476
green_1,33.706294,73.054782,64,13.485
green_1,33.706381,73.054715,65,13.496
green_1,33.706963,73.054278,66,13.573
green_1,33.706969,73.054263,67,13.574
green_1,33.706906,73.054007,68,13.599
green_1,33.705871,73.051983,69,13.819
orange2_0,33.632119,72.944139,1,0
orange2_0,33.632325,72.943267,2,0.084
orange2_0,33.632527,72.942035,3,0.2
orange2_0,33.63233,72.940594,4,0.335
orange2_0,33.632049,72.939605,5,0.432
orange2_0,33.631458,72.938521,6,0.552
orange2_0,33.629889,72.936444,7,0.812
orange2_0,33.62782,72.933836,8,1.145
orange2_0,33.625863,72.930922,9,1.492
orange2_0,33.625392,72.930087,10,1.585
orange2_0,33.624506,72.928796,11,1.74
orange2_0,33.622205,72.925999,12,2.104
orange2_0,33.620026,72.922932,13,2.477
orange2_0,33.618632,72.920371,14,2.761
orange2_0,33.61713,72.916811,15,3.13
orange2_0,33.615666,72.912305,16,3.578
orange2_0,33.614366,72.90886,17,3.928
orange2_0,33.612729,72.905291,18,4.306
orange2_0,33.608775,72.898761,19,5.053
orange2_0,33.605846,72.894109,20,5.593
orange2_0,33.603673,72.890451,21,6.01
orange2_0,33.602687,72.888074,22,6.256
orange2_0,33.601637,72.885429,23,6.527
orange2_0,33.600276,72.882703,24,6.821
orange2_0,33.599492,72.881536,25,6.96
orange2_0,33.598469,72.88046,26,7.111
orange2_0,33.597095,72.879395,27,7.293
orange2_0,33.595303,72.87845,28,7.511
orange2_0,33.594191,72.877738,29,7.651
orange2_0,33.593096,72.87668,30,7.807
orange2_0,33.592238,72.875141,31,7.979
orange2_0,33.590999,72.872621,32,8.25
orange2_0,33.590714,72.872122,33,8.306
orange2_0,33.59033,72.871842,34,8.356
orange2_0,33.589982,72.871636,35,8.399
orange2_0,33.589647,72.871304,36,8.447
orange2_0,33.589136,72.870345,37,8.553
orange2_0,33.589013,72.869917,38,8.595
orange2_0,33.58902,72.86936,39,8.646
orange2_0,33.589019,72.868662,40,8.711
orange2_0,33.588849,72.868074,41,8.769
orange2_0,33.587112,72.864916,42,9.119
orange2_0,33.585928,72.862651,43,9.367
orange2_0,33.585389,72.861696,44,9.474
orange2_0,33.584407,72.860193,45,9.651
orange2_0,33.583596,72.859124,46,9.785
orange2_0,33.583242,72.858719,47,9.839
orange2_0,33.582882,72.858414,48,9.888
orange2_0,33.582424,72.858085,49,9.947
orange2_0,33.581715,72.857758,50,10.032
orange2_0,33.58064,72.85761,51,10.152
orange2_0,33.579926,72.857682,52,10.232
orange2_0,33.579578,72.857795,53,10.272
orange2_0,33.579099,72.857953,54,10.327
orange2_0,33.578006,72.858705,55,10.467
orange2_0,33.576073,72.860191,56,10.722
orange2_0,33.569589,72.865103,57,11.575
orange2_0,33.568482,72.866002,58,11.724
orange2_0,33.566108,72.867772,59,12.034
orange2_0,33.5631,72.870132,60,12.434
orange2_0,33.562303,72.870683,61,12.536
orange2_0,33.561526,72.871029,62,12.628
orange2_0,33.560726,72.871221,63,12.719
orange2_0,33.559953,72.87126,64,12.805
orange2_0,33.559455,72.871156,65,12.861
orange2_0,33.558621,72.870915,66,12.957
orange2_0,33.558115,72.870644,67,13.018
orange2_0,33.557328,72.870108,68,13.119
orange2_0,33.556602,72.869393,69,13.223
orange2_0,33.555999,72.868537,70,13.327
orange2_0,33.555663,72.867922,71,13.395
orange2_0,33.555405,72.86732,72,13.458
orange2_0,33.555052,72.866194,73,13.57
orange2_0,33.55487,72.865334,74,13.652
orange2_0,33.554763,72.864519,75,13.728
orange2_0,33.554812,72.863105,76,13.859
orange2_0,33.55487,72.862622,77,13.905
orange2_0,33.555089,72.861752,78,13.989
orange2_0,33.555204,72.861267,79,14.036
orange2_0,33.555706,72.857935,80,14.349
orange2_0,33.558596,72.839536,81,16.084
orange2_0,33.558603,72.839103,82,16.124
orange2_0,33.558526,72.838795,83,16.154
orange2_0,33.558418,72.838628,84,16.174
orange2_0,33.558288,72.838452,85,16.196
orange2_0,33.557675,72.838284,86,16.266
orange2_0,33.556964,72.838113,87,16.346
orange2_0,33.55666,72.837998,88,16.382
orange2_0,33.556516,72.837921,89,16.399
orange2_0,33.556398,72.837909,90,16.412
orange2_0,33.556262,72.837864,91,16.428
orange2_0,33.556112,72.837692,92,16.451
orange2_0,33.555912,72.837393,93,16.487
orange2_1,33.555977,72.837289,1,0
orange2_1,33.556125,72.837502,2,0.026
orange2_1,33.556194,72.837565,3,0.035
orange2_1,33.556267,72.837566,4,0.043
orange2_1,33.558627,72.835644,5,0.361
orange2_1,33.558721,72.835611,6,0.371
orange2_1,33.558912,72.835671,7,0.393
orange2_1,33.559112,72.835788,8,0.418
orange2_1,33.55922,72.835955,9,0.438
orange2_1,33.559276,72.836297,10,0.47
orange2_1,33.559267,72.837088,11,0.543
orange2_1,33.55911,72.838373,12,0.664
orange2_1,33.555606,72.860678,13,2.767
orange2_1,33.555313,72.86244,14,2.933
orange2_1,33.555009,72.864017,15,3.083
orange2_1,33.554906,72.864797,16,3.157
orange2_1,33.554943,72.865331,17,3.206
orange2_1,33.555046,72.865933,18,3.263
orange2_1,33.55521,72.866549,19,3.323
orange2_1,33.55555,72.86757,20,3.425
orange2_1,33.555834,72.868172,21,3.489
orange2_1,33.55638,72.869014,22,3.588
orange2_1,33.556793,72.869503,23,3.653
orange2_1,33.557205,72.869918,24,3.712
orange2_1,33.557998,72.870514,25,3.816
orange2_1,33.558554,72.870803,26,3.884
orange2_1,33.559425,72.871109,27,3.985
orange2_1,33.559976,72.871191,28,4.046
orange2_1,33.560647,72.871175,29,4.121
orange2_1,33.561813,72.870866,30,4.254
orange2_1,33.562265,72.870657,31,4.308
orange2_1,33.562903,72.870226,32,4.389
orange2_1,33.566758,72.86712,33,4.905
orange2_1,33.569253,72.865272,34,5.231
orange2_1,33.571268,72.863773,35,5.495
orange2_1,33.578333,72.8584,36,6.425
orange2_1,33.578703,72.858125,37,6.473
orange2_1,33.579078,72.857916,38,6.519
orange2_1,33.579549,72.85772,39,6.575
orange2_1,33.579823,72.85765,40,6.606
orange2_1,33.580194,72.857596,41,6.648
orange2_1,33.580607,72.857539,42,6.694
orange2_1,33.581188,72.857578,43,6.758
orange2_1,33.581939,72.857789,44,6.844
orange2_1,33.582674,72.858175,45,6.933
orange2_1,33.583116,72.85853,46,6.993
orange2_1,33.583646,72.859112,47,7.072
orange2_1,33.586638,72.863811,48,7.62
orange2_1,33.588836,72.867847,49,8.067
orange2_1,33.589081,72.868226,50,8.111
orange2_1,33.589404,72.868572,51,8.16
orange2_1,33.590053,72.868877,52,8.237
orange2_1,33.590376,72.869176,53,8.282
orange2_1,33.591014,72.870289,54,8.408
orange2_1,33.591118,72.870772,55,8.454
orange2_1,33.591045,72.87123,56,8.497
orange2_1,33.591009,72.871719,57,8.542
orange2_1,33.591163,72.87243,58,8.61
orange2_1,33.592211,72.874805,59,8.859
orange2_1,33.593217,72.876446,60,9.048
orange2_1,33.593722,72.877014,61,9.125
orange2_1,33.594799,72.877851,62,9.268
orange2_1,33.597172,72.87913,63,9.557
orange2_1,33.598527,72.880191,64,9.737
orange2_1,33.600329,72.882449,65,10.026
orange2_1,33.601528,72.884869,66,10.287
orange2_1,33.602735,72.887791,67,10.589
orange2_1,33.603814,72.890281,68,10.849
orange2_1,33.605184,72.892653,69,11.117
orange2_1,33.611318,72.90244,70,12.251
orange2_1,33.61326,72.905944,71,12.641
orange2_1,33.614504,72.908578,72,12.921
orange2_1,33.615574,72.911421,73,13.21
orange2_1,33.617342,72.916826,74,13.748
orange2_1,33.618362,72.919343,75,14.007
orange2_1,33.620265,72.922925,76,14.4
orange2_1,33.621894,72.925358,77,14.689
orange2_1,33.624964,72.929154,78,15.179
orange2_1,33.628139,72.933907,79,15.744
orange2_1,33.630435,72.936953,80,16.124
orange2_1,33.63196,72.938956,81,16.375
orange2_1,33.632413,72.940298,82,16.509
orange2_1,33.632583,72.94135,83,16.609
orange2_1,33.632615,72.942528,84,16.718
orange2_1,33.632301,72.944082,85,16.866
orange2_1,33.632086,72.944722,86,16.93
orange_0,33.675493,73.054466,1,0
orange_0,33.675623,73.054368,2,0.017
orange_0,33.676115,73.053963,3,0.084
orange_0,33.676974,73.053311,4,0.196
orange_0,33.680394,73.050764,5,0.644
orange_0,33.682462,73.049135,6,0.919
orange_0,33.683136,73.048585,7,1.009
orange_0,33.683144,73.048411,8,1.026
orange_0,33.683044,73.048324,9,1.039
orange_0,33.682737,73.048158,10,1.077
orange_0,33.682143,73.047712,11,1.155
orange_0,33.682013,73.047477,12,1.181
orange_0,33.681506,73.046499,13,1.287
orange_0,33.678611,73.041189,14,1.875
orange_0,33.678347,73.040516,15,1.944
orange_0,33.678268,73.040193,16,1.975
orange_0,33.678225,73.039426,17,2.046
orange_0,33.678362,73.03723,18,2.25
orange_0,33.678241,73.036672,19,2.303
orange_0,33.67795,73.036045,20,2.369
orange_0,33.677171,73.034628,21,2.527
orange_0,33.676535,73.033377,22,2.662
orange_0,33.675319,73.030928,23,2.926
orange_0,33.673431,73.027352,24,3.318
orange_0,33.672659,73.026075,25,3.464
orange_0,33.671818,73.02448,26,3.639
orange_0,33.671509,73.024001,27,3.695
orange_0,33.670548,73.021977,28,3.911
orange_0,33.668382,73.017723,29,4.372
orange_0,33.667854,73.016808,30,4.475
orange_0,33.66738,73.015961,31,4.57
orange_0,33.666711,73.014647,32,4.712
orange_0,33.666352,73.013893,33,4.792
orange_0,33.664039,73.009466,34,5.276
orange_0,33.663603,73.008723,35,5.36
orange_0,33.663057,73.007725,36,5.471
orange_0,33.66267,73.006922,37,5.557
orange_0,33.662361,73.006244,38,5.628
orange_0,33.661292,73.004207,39,5.851
orange_0,33.65886,72.999577,40,6.358
orange_0,33.656076,72.994313,41,6.935
orange_0,33.65507,72.992452,42,7.14
orange_0,33.654745,72.991777,43,7.213
orange_0,33.651254,72.985021,44,7.949
orange_0,33.650585,72.983823,45,8.082
orange_0,33.650043,72.982885,46,8.188
orange_0,33.649293,72.98138,47,8.35
orange_0,33.648965,72.980479,48,8.441
orange_0,33.648755,72.979562,49,8.529
orange_0,33.648512,72.978955,50,8.592
orange_0,33.648101,72.978146,51,8.679
orange_0,33.642222,72.966994,52,9.901
orange_0,33.642084,72.966596,53,9.941
orange_0,33.641854,72.965448,54,10.051
orange_0,33.641745,72.964525,55,10.137
orange_0,33.641598,72.963871,56,10.2
orange_0,33.641156,72.962867,57,10.305
orange_0,33.640337,72.961367,58,10.471
orange_0,33.639585,72.959869,59,10.633
orange_0,33.638706,72.958257,60,10.811
orange_0,33.637329,72.955781,61,11.087
orange_0,33.635959,72.953253,62,11.366
orange_0,33.635252,72.951914,63,11.513
orange_0,33.634756,72.951153,64,11.602
orange_0,33.633915,72.950063,65,11.74
orange_0,33.632141,72.947854,66,12.024
orange_0,33.631924,72.947477,67,12.066
orange_0,33.631761,72.947021,68,12.112
orange_0,33.631649,72.946439,69,12.168
orange_0,33.631648,72.945998,70,12.208
orange_0,33.631771,72.945345,71,12.27
orange_0,33.632079,72.944289,72,12.374
orange_1,33.632285,72.944121,1,0
orange_1,33.631834,72.945565,2,0.143
orange_1,33.631758,72.946,3,0.184
orange_1,33.631764,72.946655,4,0.245
orange_1,33.631818,72.946993,5,0.276
orange_1,33.631964,72.947427,6,0.32
orange_1,33.63218,72.947821,7,0.363
orange_1,33.632856,72.948647,8,0.471
orange_1,33.634108,72.950228,9,0.673
orange_1,33.634888,72.951245,10,0.801
orange_1,33.635522,72.952256,11,0.918
orange_1,33.636893,72.954709,12,1.191
orange_1,33.638079,72.956944,13,1.437
orange_1,33.639431,72.959486,14,1.716
orange_1,33.640343,72.961091,15,1.896
orange_1,33.641463,72.963204,16,2.128
orange_1,33.641769,72.96427,17,2.232
orange_1,33.641906,72.965454,18,2.343
orange_1,33.641983,72.965999,19,2.394
orange_1,33.642142,72.966531,20,2.446
orange_1,33.642799,72.967878,21,2.591
orange_1,33.645229,72.972616,22,3.106
orange_1,33.648508,72.978861,23,3.789
orange_1,33.648735,72.97939,24,3.845
orange_1,33.648828,72.979648,25,3.871
orange_1,33.649063,72.98061,26,3.963
orange_1,33.64926,72.981059,27,4.01
orange_1,33.650202,72.982825,28,4.204
orange_1,33.65465,72.991462,29,5.145
orange_1,33.654949,72.991948,30,5.2
orange_1,33.655418,72.992798,31,5.295
orange_1,33.656049,72.993964,32,5.424
orange_1,33.656215,72.994355,33,5.464
orange_1,33.656907,72.995742,34,5.614
orange_1,33.662367,73.006169,35,6.754
orange_1,33.662644,73.006649,36,6.808
orange_1,33.6633,73.007829,37,6.939
orange_1,33.663732,73.008704,38,7.034
orange_1,33.664187,73.009613,39,7.132
orange_1,33.666574,73.014222,40,7.634
orange_1,33.666765,73.014517,41,7.669
orange_1,33.667308,73.015477,42,7.776
orange_1,33.667923,73.016628,43,7.903
orange_1,33.668258,73.017368,44,7.981
orange_1,33.670666,73.021946,45,8.482
orange_1,33.671205,73.023001,46,8.596
orange_1,33.671698,73.024052,47,8.708
orange_1,33.671929,73.024634,48,8.768
orange_1,33.676154,73.03246,49,9.631
orange_1,33.676528,73.033126,50,9.705
orange_1,33.677562,73.035106,51,9.922
orange_1,33.677947,73.035936,52,10.01
orange_1,33.678296,73.036648,53,10.086
orange_1,33.67839,73.037095,54,10.129
orange_1,33.678408,73.037484,55,10.165
orange_1,33.678284,73.039416,56,10.344
orange_1,33.6783,73.040102,57,10.408
orange_1,33.678384,73.040482,58,10.444
orange_1,33.678599,73.041056,59,10.502
orange_1,33.67942,73.042558,60,10.668
orange_1,33.680052,73.043802,61,10.803
orange_1,33.680372,73.044316,62,10.863
orange_1,33.682106,73.047555,63,11.219
orange_1,33.682202,73.047706,64,11.237
orange_1,33.682757,73.048111,65,11.309
orange_1,33.683151,73.048302,66,11.356
orange_1,33.683296,73.048427,67,11.376
orange_1,33.6833,73.04856,68,11.388
orange_1,33.683155,73.048686,69,11.408
orange_1,33.676795,73.053523,70,12.245
orange_1,33.676445,73.053791,71,12.291
orange_1,33.676137,73.054104,72,12.336
orange_1,33.675818,73.054378,73,12.38
orange_1,33.675516,73.054585,74,12.418
red_0,33.593331,73.055818,1,0
red_0,33.593968,73.05654,2,0.098
red_0,33.595595,73.058354,3,0.345
red_0,33.599112,73.062379,4,0.885
red_0,33.600004,73.063397,5,1.022
red_0,33.601146,73.064611,6,1.191
red_0,33.601673,73.065116,7,1.266
red_0,33.602319,73.06562,8,1.352
red_0,33.602598,73.065766,9,1.386
red_0,33.603208,73.065924,10,1.455
red_0,33.604288,73.066047,11,1.576
red_0,33.605061,73.066015,12,1.662
red_0,33.605571,73.065987,13,1.719
red_0,33.606333,73.0659,14,1.804
red_0,33.60763,73.065677,15,1.95
red_0,33.609504,73.065487,16,2.159
red_0,33.612586,73.065153,17,2.503
red_0,33.613721,73.065153,18,2.629
red_0,33.61444,73.065199,19,2.709
red_0,33.615873,73.065367,20,2.869
red_0,33.61972,73.066002,21,3.301
red_0,33.620104,73.066117,22,3.345
red_0,33.621167,73.066394,23,3.466
red_0,33.621806,73.066642,24,3.541
red_0,33.624091,73.068063,25,3.827
red_0,33.626075,73.069324,26,4.076
red_0,33.627851,73.070485,27,4.301
red_0,33.628623,73.071164,28,4.407
red_0,33.629226,73.071626,29,4.487
red_0,33.630788,73.072584,30,4.682
red_0,33.63188,73.073209,31,4.817
red_0,33.632392,73.073456,32,4.878
red_0,33.635229,73.074639,33,5.212
red_0,33.635744,73.074859,34,5.273
red_0,33.636834,73.075298,35,5.4
red_0,33.637302,73.075445,36,5.454
red_0,33.638917,73.076078,37,5.643
red_0,33.642492,73.077525,38,6.063
red_0,33.642889,73.077731,39,6.111
red_0,33.643866,73.078121,40,6.225
red_0,33.644286,73.078246,41,6.273
red_0,33.644904,73.078357,42,6.343
red_0,33.645555,73.0785,43,6.416
red_0,33.647242,73.079155,44,6.614
red_0,33.650036,73.080295,45,6.942
red_0,33.650952,73.080671,46,7.049
red_0,33.651499,73.080835,47,7.112
red_0,33.653624,73.081686,48,7.361
red_0,33.659823,73.084167,49,8.088
red_0,33.660335,73.084273,50,8.145
red_0,33.660624,73.084247,51,8.178
red_0,33.660955,73.084018,52,8.22
red_0,33.661153,73.083712,53,8.256
red_0,33.661306,73.083289,54,8.299
red_0,33.661476,73.082272,55,8.395
red_0,33.661466,73.081636,56,8.453
red_0,33.6614,73.081425,57,8.474
red_0,33.661209,73.080981,58,8.521
red_0,33.658256,73.075455,59,9.128
red_0,33.656704,73.072367,60,9.462
red_0,33.655877,73.07081,61,9.633
red_0,33.655792,73.070257,62,9.685
red_0,33.655822,73.069957,63,9.713
red_0,33.655947,73.069524,64,9.756
red_0,33.656091,73.069225,65,9.788
red_0,33.656348,73.068927,66,9.827
red_0,33.657126,73.068348,67,9.929
red_0,33.66033,73.066039,68,10.345
red_0,33.661185,73.065354,69,10.459
red_0,33.661345,73.065162,70,10.484
red_0,33.664937,73.062451,71,10.956
red_0,33.667965,73.060178,72,11.353
red_0,33.66828,73.060006,73,11.391
red_0,33.669516,73.059091,74,11.553
red_0,33.669654,73.058962,75,11.572
red_0,33.67017,73.058512,76,11.643
red_0,33.673946,73.055689,77,12.137
red_0,33.67482,73.055084,78,12.25
red_0,33.675936,73.054265,79,12.395
red_0,33.676123,73.054109,80,12.42
red_0,33.676507,73.053734,81,12.475
red_0,33.677249,73.053152,82,12.574
red_0,33.681753,73.049753,83,13.165
red_0,33.684035,73.048072,84,13.463
red_0,33.68503,73.047345,85,13.592
red_0,33.686354,73.046261,86,13.77
red_0,33.68657,73.046009,87,13.804
red_0,33.687247,73.045151,88,13.913
red_0,33.687475,73.044845,89,13.951
red_0,33.687693,73.044639,90,13.982
red_0,33.688363,73.044143,91,14.07
red_0,33.690087,73.042918,92,14.292
red_0,33.690857,73.042265,93,14.397
red_0,33.695196,73.039053,94,14.964
red_0,33.696372,73.038172,95,15.118
red_0,33.69781,73.037056,96,15.308
red_0,33.699132,73.036544,97,15.463
red_0,33.699563,73.036598,98,15.511
red_0,33.699881,73.036976,99,15.561
red_0,33.700252,73.037639,100,15.634
red_0,33.700782,73.038643,101,15.744
red_0,33.702119,73.04126,102,16.029
red_0,33.703375,73.043593,103,16.286
red_0,33.704967,73.046677,104,16.621
red_0,33.706017,73.048705,105,16.842
red_0,33.70696,73.05047,106,17.036
red_0,33.710803,73.057832,107,17.84
red_0,33.711405,73.058997,108,17.967
red_0,33.712359,73.060803,109,18.165
red_0,33.715468,73.066734,110,18.813
red_0,33.718198,73.071969,111,19.385
red_0,33.721419,73.078118,112,20.057
red_0,33.72379,73.082636,113,20.551
red_0,33.72456,73.084141,114,20.715
red_0,33.72645,73.087673,115,21.103
red_0,33.727198,73.088548,116,21.219
red_0,33.727618,73.088943,117,21.278
red_0,33.727885,73.089262,118,21.32
red_0,33.728094,73.089633,119,21.362
red_0,33.729282,73.091896,120,21.609
red_0,33.729641,73.092307,121,21.664
red_0,33.729891,73.092476,122,21.696
red_0,33.73023,73.092581,123,21.735
red_0,33.731862,73.093065,124,21.922
red_0,33.732352,73.093201,125,21.978
red_0,33.732903,73.093278,126,22.04
red_0,33.733164,73.093264,127,22.069
red_0,33.733427,73.09322,128,22.098
red_0,33.733796,73.093103,129,22.141
red_0,33.734165,73.092924,130,22.185
red_0,33.735114,73.092397,131,22.301
red_1,33.735321,73.092161,1,0
red_1,33.735126,73.092264,2,0.024
red_1,33.734074,73.092815,3,0.151
red_1,33.73373,73.093028,4,0.194
red_1,33.733483,73.09315,5,0.224
red_1,33.733218,73.093209,6,0.254
red_1,33.732831,73.09322,7,0.297
red_1,33.732329,73.093142,8,0.353
red_1,33.731842,73.093008,9,0.409
red_1,33.730086,73.092494,10,0.61
red_1,33.729712,73.092309,11,0.655
red_1,33.729469,73.092065,12,0.69
red_1,33.729291,73.091825,13,0.72
red_1,33.728141,73.089589,14,0.963
red_1,33.727789,73.089043,15,1.027
red_1,33.72721,73.088502,16,1.108
red_1,33.7265,73.087654,17,1.219
red_1,33.725851,73.086407,18,1.355
red_1,33.724531,73.08383,19,1.635
red_1,33.718616,73.072522,20,2.871
red_1,33.717349,73.070135,21,3.133
red_1,33.71214,73.060171,22,4.221
red_1,33.711186,73.058345,23,4.421
red_1,33.710391,73.056966,24,4.576
red_1,33.707068,73.050565,25,5.274
red_1,33.706504,73.049414,26,5.397
red_1,33.705513,73.047519,27,5.604
red_1,33.702387,73.041536,28,6.258
red_1,33.701056,73.039016,29,6.534
red_1,33.699958,73.036987,30,6.758
red_1,33.699671,73.03659,31,6.807
red_1,33.699262,73.036485,32,6.853
red_1,33.699119,73.036509,33,6.869
red_1,33.698341,73.036776,34,6.959
red_1,33.697774,73.037031,35,7.027
red_1,33.696735,73.037791,36,7.162
red_1,33.696364,73.038045,37,7.209
red_1,33.695164,73.038959,38,7.367
red_1,33.694842,73.039245,39,7.412
red_1,33.690635,73.042377,40,7.962
red_1,33.68951,73.043168,41,8.107
red_1,33.689079,73.043525,42,8.165
red_1,33.687567,73.044681,43,8.364
red_1,33.687379,73.044879,44,8.392
red_1,33.687131,73.0452,45,8.433
red_1,33.686364,73.046176,46,8.557
red_1,33.685913,73.046561,47,8.618
red_1,33.684083,73.047879,48,8.856
red_1,33.68313,73.048643,49,8.983
red_1,33.676296,73.053819,50,9.881
red_1,33.674588,73.055139,51,10.107
red_1,33.668779,73.059482,52,10.868
red_1,33.667823,73.060231,53,10.995
red_1,33.659894,73.066179,54,12.034
red_1,33.657452,73.068018,55,12.355
red_1,33.656353,73.068864,56,12.5
red_1,33.656038,73.069229,57,12.548
red_1,33.655883,73.069591,58,12.586
red_1,33.655771,73.070054,59,12.631
red_1,33.655768,73.070421,60,12.665
red_1,33.655802,73.07069,61,12.69
red_1,33.655866,73.070987,62,12.718
red_1,33.656084,73.071458,63,12.768
red_1,33.657145,73.073424,64,12.985
red_1,33.661061,73.080786,65,13.794
red_1,33.661274,73.081244,66,13.842
red_1,33.661376,73.081679,67,13.884
red_1,33.661375,73.082145,68,13.927
red_1,33.661116,73.083485,69,14.055
red_1,33.660934,73.083833,70,14.093
red_1,33.660505,73.084196,71,14.151
red_1,33.660178,73.084209,72,14.187
red_1,33.659934,73.084144,73,14.215
red_1,33.651755,73.080906,74,15.173
red_1,33.651335,73.080694,75,15.223
red_1,33.650084,73.080197,76,15.37
red_1,33.64973,73.08008,77,15.411
red_1,33.645559,73.078441,78,15.899
red_1,33.645246,73.078372,79,15.934
red_1,33.644608,73.078267,80,16.006
red_1,33.644284,73.078145,81,16.043
red_1,33.643298,73.077755,82,16.159
red_1,33.642585,73.077506,83,16.241
red_1,33.637294,73.075391,84,16.861
red_1,33.637038,73.07526,85,16.892
red_1,33.636552,73.075034,86,16.95
red_1,33.635571,73.074692,87,17.064
red_1,33.635296,73.074595,88,17.096
red_1,33.632331,73.07338,89,17.444
red_1,33.630953,73.072618,90,17.613
red_1,33.630462,73.07225,91,17.677
red_1,33.629106,73.071401,92,17.847
red_1,33.628806,73.071228,93,17.884
red_1,33.62843,73.070955,94,17.933
red_1,33.627952,73.070516,95,18
red_1,33.627631,73.070245,96,18.044
red_1,33.621636,73.066514,97,18.794
red_1,33.62131,73.066299,98,18.836
red_1,33.620848,73.066134,99,18.889
red_1,33.620094,73.065978,100,18.974
red_1,33.619734,73.065959,101,19.014
red_1,33.615564,73.065283,102,19.482
red_1,33.614575,73.065111,103,19.593
red_1,33.612982,73.065047,104,19.771
red_1,33.611734,73.065165,105,19.91
red_1,33.606791,73.065737,106,20.462
red_1,33.606485,73.065745,107,20.496
red_1,33.605539,73.065849,108,20.602
red_1,33.604952,73.065947,109,20.668
red_1,33.604398,73.065997,110,20.729
red_1,33.603368,73.065893,111,20.844
red_1,33.602816,73.065785,112,20.907
red_1,33.602559,73.06569,113,20.936
red_1,33.602293,73.065546,114,20.969
red_1,33.601616,73.065003,115,21.059
red_1,33.601084,73.064485,116,21.136
red_1,33.600462,73.063786,117,21.23
red_1,33.600181,73.063425,118,21.276
red_1,33.599043,73.062113,119,21.452
red_1,33.598734,73.061818,120,21.495
red_1,33.595958,73.058682,121,21.919
red_1,33.594731,73.057297,122,22.107
red_1,33.594479,73.056949,123,22.149
red_1,33.593449,73.055794,124,22.306
